0.1562129 1.084912 0.9382209 0.7643926 1.140649
1.192755 1.380547 1.76561 1.017626 1.839277
1.062917 1.06076 1.970766 1.938344 1.603111
1.319374 1.780427 1.111283 0.9629424 0.9930276
0.7050032 0.7588465 0.4173821 0.4606671 1.066997
0.5943129 0.7827868 0.2752172 0.2510195 0.1377999
0.03816738 -0.4215128 -0.6318137 0.06883053 -0.3088397
-0.2671301 -0.741203 -0.980282 -0.1290825 -0.6790327
-0.00907054 -0.8717978 -0.4119904 -0.5251986 -0.2050109
-0.3120366 -0.5047295 0.06178586 0.5921219 0.03458304
0.01392391 0.1311885 0.3835309 1.041819 0.6218033
0.6081011 1.319129 1.420832 1.724403 1.183464
1.136642 1.289444 1.85324
